doi	Total trials pub2	Total numb participants pub2	Search date pub 2	Total trials pub3	Total numb participants pub3	Search date pub 3	Conclusion
10.1002/14651858.CD006986	1	10	10 May 2011	1	10	8 July 2014	0
10.1002/14651858.CD005137	8	1373	7 July 2008	11	1908	24 January 2012	0
10.1002/14651858.CD007223	15	4914	23 July 2012	20	6446	30 November 2012	0
10.1002/14651858.CD006982	5	375	1 May 2010	6	416	10 May 2013	0
10.1002/14651858.CD006625	21	5991	1 April 2007	35	7816	1 May 2010	0
10.1002/14651858.CD009103	26	12578	1 April 2013	42	30990	1 April 2017	0
10.1002/14651858.CD004476	89	20028	1 June 2013	88	19953	1 June 2013	1
10.1002/14651858.CD009530	1	170	28 November 2013	1	170	28 August 2015	0
10.1002/14651858.CD009622	5	3740	1 March 2012	5	3740	1 June 2014	0
10.1002/14651858.CD009197	1	303	7 April 2014	1	303	31 August 2017	0
10.1002/14651858.CD009199	23	2931	1 June 2013	24	3050	1 February 2015	0
10.1002/14651858.CD009586	1	10000	1 June 2012	1	10000	1 December 2015	0
10.1002/14651858.CD006921	4	174	1 July 2008	5	214	1 January 2012	0
10.1002/14651858.CD007097	1	63	7 December 2010	2	103	22 August 2016	0
10.1002/14651858.CD006922	33	14445	1 October 2008	40	18210	1 August 2012	0
10.1002/14651858.CD005225	3	386	1 October 2009	3	386	16 July 2012	0
10.1002/14651858.CD008986	5	1186	1 August 2011	10	3817	1 May 2015	0
10.1002/14651858.CD008980	10	42274	1 April 2013	13	67688	1 August 2017	0
10.1002/14651858.CD007007	9	111	3 July 2012	12	1847	17 February 2015	0
10.1002/14651858.CD005444	5	322	1 October 2006	6	535	1 February 2012	1
10.1002/14651858.CD000551	16	1659	1 January 2007	16	1691	1 January 2012	0
10.1002/14651858.CD006377	4	628	1 January 2009	4	628	1 January 2009	0
10.1002/14651858.CD007772	1	60	30 September 2010	2	183	30 September 2014	0
10.1002/14651858.CD006411	1	273	1 January 2007	2	305	1 January 2012	0
10.1002/14651858.CD007575	27	4022	28 May 2010	37	5165	27 April 2013	0
10.1002/14651858.CD003277	5	535	1 February 2009	10	1127	18 October 2012	0
10.1002/14651858.CD006650	8	1840	1 January 2007	9	1908	1 February 2010	0
10.1002/14651858.CD006086	12	3435	1 June 2008	23	6909	1 July 2011	0
10.1002/14651858.CD008482	2	32	15 April 2010	2	32	11 October 2012	0
10.1002/14651858.CD008005	2	179	7 May 2010	2	179	23 July 2012	0
10.1002/14651858.CD007845	3	350	1 November 2009	4	493	1 February 2012	0
10.1002/14651858.CD000067	8	467	1 May 2008	11	3731	30 June 2015	1
10.1002/14651858.CD005370	20	1958	1 November 2006	30	2412	27 August 2015	0
10.1002/14651858.CD006118	1	16	1 August 2012	1	16	23 March 2015	0
10.1002/14651858.CD000381	4	318	1 May 2007	7	603	1 June 2010	0
10.1002/14651858.CD004081	15	1471	1 June 2007	19	1962	1 February 2015	0
10.1002/14651858.CD007524	5	1324	1 October 2009	5	1324	1 October 2009	0
10.1002/14651858.CD006462	5	859	1 March 2011	7	1029	21 March 2014	0
10.1002/14651858.CD007467	2	301	1 April 2009	2	301	10 November 2012	0
10.1002/14651858.CD007471	20	7760	7 February 2012	38	10532	16 February 2017	1
10.1002/14651858.CD007468	1	5	23 November 2010	2	69	29 October 2012	0
10.1002/14651858.CD009279	1	200	8 June 2012	1	200	20 May 2015	0
10.1002/14651858.CD008306	1	45	28 June 2010	1	45	1 April 2014	0
10.1002/14651858.CD005431	26	2560	25 June 2010	27	2643	30 August 2013	0
10.1002/14651858.CD010008	3	83	2 November 2015	3	83	21 February 2017	0
10.1002/14651858.CD005436	30	11206	1 December 2010	32	11410	1 February 2012	0
10.1002/14651858.CD007941	4	1679	1 November 2010	5	1749	1 March 2017	1
10.1002/14651858.CD007595	21	12572	1 October 2011	22	12644	1 September 2014	0
10.1002/14651858.CD009099	4	511	4 January 2012	5	535	1 April 2013	0
10.1002/14651858.CD007598	9	635	1 August 2011	16	1036	1 March 2017	1
10.1002/14651858.CD009669	4	202	1 January 2013	13	3903	1 June 2017	1
10.1002/14651858.CD007218	1	55	1 July 2009	2	93	23 June 2014	1
10.1002/14651858.CD006955	6	910	1 November 2007	14	2058	2 February 2015	1
10.1002/14651858.CD009805	4	373	1 February 2012	5	1503	4 August 2015	0
10.1002/14651858.CD007791	1	29	17 December 2008	1	29	11 July 2011	0
10.1002/14651858.CD006965	1	1207	1 January 2010	1	1207	31 October 2012	0
10.1002/14651858.CD008231	6	1847	1 February 2011	6	1847	8 April 2013	0
10.1002/14651858.CD006842	37	1151	1 December 2010	38	1258	13 January 2014	0
10.1002/14651858.CD008238	19	5624	1 July 2010	19	5624	1 July 2010	1
10.1002/14651858.CD009327	4	25	1 September 2013	5	72	1 December 2016	0
10.1002/14651858.CD000144	13	5971	1 November 2014	13	5971	1 November 2014	0
10.1002/14651858.CD007033	7	5997	1 August 2011	7	5997	1 August 2011	0
10.1002/14651858.CD005595	21	16227	1 September 2007	27	16286	1 July 2011	1
10.1002/14651858.CD007641	4	229	1 March 2011	4	229	1 February 2014	0
10.1002/14651858.CD006749	2	188	1 August 2008	2	190	1 January 2014	0
10.1002/14651858.CD008059	3	303	25 August 2010	4	139	9 August 2013	0
10.1002/14651858.CD003860	2	2644	1 November 2006	4	7095	1 June 2009	1
10.1002/14651858.CD009290	5	373	30 June 2011	12	1058	4 August 2017	0
10.1002/14651858.CD007258	3	306	3 August 2012	3	306	4 March 2015	0
10.1002/14651858.CD007398	6	108	1 January 2010	7	769	1 October 2013	0
10.1002/14651858.CD007124	10	316	21 July 2011	10	316	5 September 2013	0
10.1002/14651858.CD003064	1	6	1 January 2013	1	50	1 September 2015	0
10.1002/14651858.CD007863	6	2105	1 April 2009	6	2105	9 July 2012	0
10.1002/14651858.CD009503	10	969	1 February 2012	11	1028	1 June 2014	1
10.1002/14651858.CD007890	2	2193	1 December 2011	2	2193	1 May 2014	0
10.1002/14651858.CD008349	19	552	1 March 2010	37	1022	1 November 2013	0
10.1002/14651858.CD010038	7	8030	1 September 2012	10	8381	1 August 2017	1
10.1002/14651858.CD005351	21	1156	1 April 2005	32	3005	20 April 2011	1
10.1002/14651858.CD007695	4	1293	1 January 2009	4	1293	1 January 2012	0
10.1002/14651858.CD007121	3	354	1 December 2008	3	354	29 January 2014	0
10.1002/14651858.CD005191	11	2441	1 June 2008	14	4041	1 April 2011	0
10.1002/14651858.CD009202	1	24	10 May 2012	1	24	26 March 2015	0
10.1002/14651858.CD008378	1	306	1 May 2013	2	326	1 June 2015	0
10.1002/14651858.CD004704	6	59543	1 March 2007	6	59543	1 February 2013	0
10.1002/14651858.CD006781	5	620	1 March 2012	5	620	1 November 2014	0
10.1002/14651858.CD006810	5	115	2 February 2011	5	115	14 March 2013	0
10.1002/14651858.CD008901	4	161	15 May 2013	4	161	4 March 2015	0
10.1002/14651858.CD007372	3	612	24 February 2012	4	1439	30 June 2013	1
10.1002/14651858.CD006936	14	11270	1 April 2009	27	16785	1 August 2014	0
10.1002/14651858.CD007601	4	266	1 October 2010	5	366	1 July 2013	0
10.1002/14651858.CD006362	9	1069	1 April 2011	9	1069	1 April 2013	0
10.1002/14651858.CD009472	1	37	1 August 2012	1	37	11 August 2015	0
10.1002/14651858.CD000078	6	158	24 April 2012	6	158	5 August 2013	0
10.1002/14651858.CD001689	16	1908	1 May 2009	19	2686	27 November 2013	0
10.1002/14651858.CD006663	3	316	7 April 2010	4	352	11 September 2012	0
10.1002/14651858.CD005978	6	2860	1 January 2010	6	2860	21 October 2016	0
10.1002/14651858.CD008011	2	179	1 May 2011	2	179	1 September 2015	0
10.1002/14651858.CD008796	5	182	6 September 2011	6	222	11 November 2014	0
10.1002/14651858.CD007731	5	373	1 October 2011	5	373	1 February 2016	0
10.1002/14651858.CD007131	9	1314	1 April 2008	18	2505	1 January 2013	0
10.1002/14651858.CD006771	14	2957	14 July 2009	15	3496	30 November 2016	0
10.1002/14651858.CD007752	3	240	1 November 2009	4	300	31 March 2013	0
10.1002/14651858.CD006574	20	686	1 January 2007	24	910	1 January 2012	1
10.1002/14651858.CD007453	2	47	1 July 2008	2	47	1 April 2011	0
10.1002/14651858.CD008602	13	507	1 April 2011	14	607	1 November 2013	0
10.1002/14651858.CD012143	139	24686	1 October 2016	139	24686	1 October 2016	1
10.1002/14651858.CD007854	8	665	1 March 2010	35	3329	1 September 2015	0
10.1002/14651858.CD007037	3	203	1 January 2008	7	432	1 November 2015	0
10.1002/14651858.CD007959	4	176	18 July 2009	5	382	25 May 2012	1
10.1002/14651858.CD004951	5	114	1 March 2011	5	98	14 November 2016	0
10.1002/14651858.CD009551	10	12324	1 June 2015	10	12324	1 June 2015	0
10.1002/14651858.CD010107	6	1342	30 September 2012	6	1342	1 December 2014	0
10.1002/14651858.CD006589	68	25142	1 March 2009	65	28053	1 June 2011	0
10.1002/14651858.CD004233	8	2540	1 July 2008	8	2540	3 January 2012	0
10.1002/14651858.CD006770	4	307	1 March 2009	8	678	31 August 2013	0
10.1002/14651858.CD009235	15	1190	1 August 2012	20	1619	1 September 2013	0
10.1002/14651858.CD007338	9	592	1 November 2008	10	622	1 January 2012	0
10.1002/14651858.CD008201	54	10926	1 July 2010	13	1313	7 January 2017	0
10.1002/14651858.CD009887	1	17	19 August 2013	1	32	10 August 2015	0
10.1002/14651858.CD005607	9	905	1 March 2007	10	1025	30 October 2009	1
10.1002/14651858.CD005292	2	150	1 December 2008	21	2222	11 September 2012	0
10.1002/14651858.CD005938	1	513	1 June 2008	1	513	31 July 2013	0
10.1002/14651858.CD008295	3	153	6 December 2010	3	153	24 July 2013	0
10.1002/14651858.CD007771	4	294	1 September 2009	10	811	1 February 2015	0
10.1002/14651858.CD007286	6	1463	1 September 2012	8	1667	4 August 2014	0
10.1002/14651858.CD003220	46	2479	25 October 2013	84	4548	10 August 2017	1
10.1002/14651858.CD007402	47	5657	1 December 2009	61	9418	1 February 2015	0
10.1002/14651858.CD006649	15	1369	1 January 2007	16	1606	1 February 2010	0
10.1002/14651858.CD009281	15	5220	1 January 2012	20	5292	28 August 2014	0
10.1002/14651858.CD007245	2	235	1 August 2009	4	549	1 October 2015	0
10.1002/14651858.CD006640	5	2041	1 October 2011	8	1501	1 July 2014	0
10.1002/14651858.CD009163	23	3244	22 February 2012	25	3663	14 April 2016	0
10.1002/14651858.CD006178	1	4429	1 July 2009	1	4429	30 November 2014	0
10.1002/14651858.CD010447	1	3	1 April 2013	1	3	14 April 2016	0
10.1002/14651858.CD007859	7	517	1 November 2009	9	571	2 August 2012	0
10.1002/14651858.CD010720	5	2046	1 November 2014	5	2046	1 October 2017	0
10.1002/14651858.CD009243	19	2798	2 September 2011	21	3286	28 February 2013	0
10.1002/14651858.CD007563	4	1387	1 November 2009	4	1387	1 March 2014	0
10.1002/14651858.CD007560	1	67	1 November 2008	3	199	26 June 2014	1
10.1002/14651858.CD005305	9	427	1 March 2010	9	427	1 March 2010	0
10.1002/14651858.CD006484	9	470	1 February 2007	10	502	1 August 2012	0
10.1002/14651858.CD008754	8	551	1 February 2011	15	1019	2 June 2015	1
10.1002/14651858.CD000253	3	30348	1 August 2007	4	70224	26 January 2012	0
10.1002/14651858.CD007892	4	1361	1 December 2009	4	1361	8 August 2012	0
10.1002/14651858.CD009603	9	366	1 April 2013	9	366	1 April 2013	0
10.1002/14651858.CD008579	11	532	1 December 2011	11	532	2 June 2014	0
10.1002/14651858.CD009780	3	247	1 March 2012	4	260	1 August 2015	0
10.1002/14651858.CD008968	1	548	27 February 2012	1	548	30 April 2016	0
10.1002/14651858.CD008394	6	200	1 August 2012	6	200	18 September 2014	0
10.1002/14651858.CD005044	22	1566	1 July 2010	22	1566	1 November 2014	0
10.1002/14651858.CD008649	4	677	16 April 2015	6	795	28 September 2017	0
10.1002/14651858.CD006283	6	563	1 February 2008	12	891	1 February 2011	1
10.1002/14651858.CD002811	4	1693	1 July 2010	4	1693	1 July 2010	1
10.1002/14651858.CD003101	61	8392	24 February 2012	68	9496	1 March 2014	0
10.1002/14651858.CD008893	19	598	1 November 2011	40	1465	1 November 2016	0
10.1002/14651858.CD008890	1	7	1 October 2010	1	7	1 May 2014	0
10.1002/14651858.CD006613	3	126	1 February 2008	3	126	1 March 2010	0
10.1002/14651858.CD001088	25	2503	1 May 2006	32	4032	15 January 2013	0
10.1002/14651858.CD008145	5	5886	30 March 2011	11	7828	5 July 2016	1
10.1002/14651858.CD008783	5	1368	27 September 2011	5	1368	15 February 2013	0
10.1002/14651858.CD008788	4	438	1 October 2010	4	438	1 November 2014	0
10.1002/14651858.CD007701	28	2616	1 December 2009	31	3117	30 November 2016	0
10.1002/14651858.CD003325	1	102	27 January 2012	1	102	23 July 2014	0
10.1002/14651858.CD003427	3	857	28 March 2012	3	857	26 June 2014	0
10.1002/14651858.CD007963	4	922	30 October 2012	5	1019	1 January 2017	1
10.1002/14651858.CD007079	22	17769	17 March 2011	25	19009	1 September 2014	0
10.1002/14651858.CD010288	1	9	22 February 2013	1	9	23 October 2015	0
10.1002/14651858.CD007806	6	425	1 March 2009	6	425	22 April 2011	0
10.1002/14651858.CD004643	10	2630	1 April 2009	10	2630	1 May 2012	0
10.1002/14651858.CD005612	6	2463	1 May 2012	6	2463	1 January 2014	0
10.1002/14651858.CD008420	1	25	6 February 2011	2	102	27 January 2014	0
10.1002/14651858.CD006386	79	14737	1 July 2010	79	14737	1 December 2010	1
10.1002/14651858.CD006612	8	24247	2 September 2008	12	35430	1 February 2012	0
10.1002/14651858.CD009645	15	463	1 May 2013	32	748	1 February 2015	1
10.1002/14651858.CD007235	5	507	27 January 2012	5	507	31 August 2012	0
10.1002/14651858.CD009131	14	866	1 October 2010	18	1138	28 May 2013	1
10.1002/14651858.CD009528	1	39	2 August 2012	2	78	19 November 2014	0
10.1002/14651858.CD006614	1	942	30 June 2009	4	464	14 June 2017	0
10.1002/14651858.CD006318	3	96	1 June 2007	4	271	1 September 2013	1
10.1002/14651858.CD006170	11	487	1 December 2007	21	1238	20 January 2011	0
10.1002/14651858.CD001841	22	3119	1 June 2008	23	48162	1 November 2017	0
10.1002/14651858.CD008991	12	3241	31 October 2011	15	4552	30 June 2016	0
10.1002/14651858.CD007529	17	9803	1 September 2009	17	9803	30 September 2013	0
10.1002/14651858.CD011312	3	123	1 June 2016	3	123	1 June 2016	0
10.1002/14651858.CD000434	16	2753	1 March 2010	23	5137	1 January 2012	1
10.1002/14651858.CD010185	1	30	1 July 2013	1	30	1 October 2016	0
10.1002/14651858.CD008351	5	55	1 October 2012	7	106	1 November 2015	0
10.1002/14651858.CD006866	6	1319	13 January 2009	6	1319	26 April 2013	0
10.1002/14651858.CD007743	1	186	28 October 2010	1	186	25 October 2011	0
10.1002/14651858.CD006704	45	9673	1 March 2007	50	10228	1 October 2009	1
10.1002/14651858.CD007208	2	251	1 March 2010	2	251	12 May 2015	0
10.1002/14651858.CD006832	9	1630	1 April 2008	5	1249	6 December 2013	1
10.1002/14651858.CD003603	1	26	13 June 2007	1	26	17 June 2013	0
10.1002/14651858.CD006544	20	2724	1 October 2009	33	4476	1 January 2017	0
10.1002/14651858.CD006545	2	2	1 March 2011	28	606	1 February 2017	1
10.1002/14651858.CD005381	9	433	15 December 2005	9	433	15 December 2005	1
10.1002/14651858.CD008106	5	352	1 August 2010	6	344	1 October 2014	0
10.1002/14651858.CD007406	6	1078	1 March 2009	6	1078	1 August 2012	0
10.1002/14651858.CD009820	14	216846	1 April 2016	14	216846	1 April 2016	0
10.1002/14651858.CD008070	4	775	30 June 2012	4	775	19 September 2016	0
10.1002/14651858.CD006947	3	1945	11 April 2012	3	1945	6 April 2013	0
10.1002/14651858.CD006452	4	1595	27 April 2009	4	1595	8 December 2011	0
10.1002/14651858.CD005364	24	3166	1 December 2016	24	3166	1 December 2016	0
10.1002/14651858.CD000940	4	422	1 May 2010	4	422	31 January 2013	0
10.1002/14651858.CD010470	9	602	5 March 2014	10	604	25 September 2017	1
10.1002/14651858.CD007577	8	1694	1 March 2011	6	819	5 June 2015	0
10.1002/14651858.CD004975	5	1640	1 July 2010	5	1640	1 March 2013	0
10.1002/14651858.CD009414	9	5165	19 June 2012	9	5165	31 July 2014	0
10.1002/14651858.CD006047	12	2248	1 March 2006	14	2652	20 January 2012	0
10.1002/14651858.CD006340	4	1138	1 December 2006	6	1835	1 February 2009	1
10.1002/14651858.CD001401	8	97	4 February 2013	8	97	2 June 2015	0
10.1002/14651858.CD008347	2	57	1 November 2010	2	57	1 February 2014	0
10.1002/14651858.CD009261	4	89	11 November 2011	9	689	28 January 2014	0
10.1002/14651858.CD009389	4	592	1 July 2012	4	592	1 October 2014	0
10.1002/14651858.CD002042	17	3729	1 August 2009	19	6247	1 February 2011	1
10.1002/14651858.CD008253	1	46	2 February 2011	1	46	25 January 2013	0
10.1002/14651858.CD002954	2	136	1 June 2009	5	213	22 September 2016	0
10.1002/14651858.CD006123	5	106	1 August 2007	6	228	1 August 2017	1
10.1002/14651858.CD007615	4	467	1 November 2008	4	467	1 April 2011	0
10.1002/14651858.CD009577	4	2334	10 October 2011	5	2346	1 June 2015	0
10.1002/14651858.CD006214	5	159	10 September 2010	5	159	13 April 2011	0
10.1002/14651858.CD000475	17	913	1 September 2007	18	1456	1 February 2015	0
10.1002/14651858.CD009670	36	20197	1 July 2012	43	23009	1 May 2015	0
10.1002/14651858.CD007623	8	627	14 September 2009	10	767	20 August 2012	0
10.1002/14651858.CD003160	2	26340	10 October 2007	2	26340	11 November 2015	0
10.1002/14651858.CD000996	6	337	1 October 2010	7	414	1 June 2017	0
10.1002/14651858.CD007355	18	3433	1 August 2009	24	5551	28 March 2017	0
10.1002/14651858.CD006870	19	8910	1 February 2010	19	8910	12 April 2013	0
10.1002/14651858.CD003243	3	1156	1 May 2009	4	1232	1 June 2015	1
10.1002/14651858.CD001273	6	183	17 May 2012	6	183	2 September 2014	0
10.1002/14651858.CD007058	12	39933	1 September 2009	12	39933	30 March 2015	0
10.1002/14651858.CD008554	3	25	1 September 2010	3	25	1 August 2012	0
10.1002/14651858.CD009498	1	61	1 November 2011	1	61	1 December 2012	0
10.1002/14651858.CD008244	5	4073	1 January 2012	7	6163	18 May 2015	0
10.1002/14651858.CD010089	9	6881	1 July 2014	10	7719	15 February 2017	0
10.1002/14651858.CD005461	5	6963	1 March 2008	6	7706	31 May 2012	0
10.1002/14651858.CD008819	7	345	31 May 2011	7	345	1 August 2013	0
10.1002/14651858.CD007123	8	1358	30 April 2011	8	1358	23 February 2013	0
10.1002/14651858.CD007699	4	277	10 April 2013	4	277	1 September 2015	0
10.1002/14651858.CD011033	5	628	1 April 2015	5	628	1 April 2015	0
10.1002/14651858.CD008312	6	537	24 June 2010	12	1889	4 February 2016	0
10.1002/14651858.CD006325	1	30	1 July 2008	1	30	1 January 2011	0
10.1002/14651858.CD007716	1	19	1 April 2010	1	19	1 July 2012	0
10.1002/14651858.CD006537	9	1828	14 November 2008	11	3241	3 August 2015	1
10.1002/14651858.CD007719	1	4	1 January 2011	1	4	1 November 2013	0
10.1002/14651858.CD001797	7	284	23 November 2010	7	284	4 December 2012	1
10.1002/14651858.CD003335	3	262	1 June 2008	3	262	17 May 2012	0
10.1002/14651858.CD004427	2	48	8 December 2008	2	48	1 May 2012	0
10.1002/14651858.CD008033	10	4867	1 November 2009	10	4867	1 July 2012	0
10.1002/14651858.CD008041	13	4413	10 March 2010	13	4413	31 January 2013	0
10.1002/14651858.CD008040	10	2841	4 October 2010	11	3014	13 February 2013	0
10.1002/14651858.CD001396	39	14891	1 March 2008	24	6721	1 February 2013	0
10.1002/14651858.CD008630	2	53	5 July 2010	2	53	28 August 2012	0
10.1002/14651858.CD005437	1	510	16 June 2010	1	510	1 May 2013	0
10.1002/14651858.CD001798	8	1117	14 June 2011	8	1117	18 January 2016	0
10.1002/14651858.CD012551	38	3399	1 August 2017	38	3399	1 August 2017	0
